-7.362966444202628108e-04 3.506970913030249548e-01 -4.484426405740161992e-02 4.959954406731042487e-01 -1.276217718572075430e-02 -4.947273064859066677e-02 3.629678855360200102e-02 5.046440115943686100e-10 7.787279874246176570e-03 1.454601167399588793e-02 1.600572776855173698e-02 7.438368302453667036e-02 2.848429373131933229e-01 -2.118363103284322535e-01 -3.434955263346418097e-01 9.508106996505900910e-03 6.825894656059483534e-02 -1.733716196426493272e-01 -4.551221724155138926e-01 8.975746093806567794e-02 -2.748000918465733298e-17 -3.188096488193625788e-15 3.559043701858446611e-18 3.535533905932733423e-01
3.313957800079085358e-01 -1.494101892447008417e-02 -1.222849252624731847e-01 -1.291612389740059985e-02 4.795314484349416650e-02 3.225726032772246316e-02 1.348184503293558267e-01 5.617535543718996799e-03 4.777923895840545665e-01 -2.491270863706467054e-01 4.119686823475888771e-01 -1.172173062737911081e-01 5.614569435860810448e-02 -8.887163012798507053e-03 3.530272014666132468e-02 -1.257625482690985230e-01 1.763938343793040042e-01 7.132574696731455721e-02 -5.982075218650151349e-02 -2.863782430728687989e-01 3.352470938989960958e-01 8.490226737684436475e-02 -3.432078160448421289e-01 1.665334536937734811e-16
1.231921055108703283e-01 4.228848667305507014e-02 3.286873727947289270e-01 5.532222267673875260e-02 -2.163461194008361663e-02 3.496103547495680863e-01 -3.014651805393186446e-01 -1.698733671578961657e-01 6.712510073752982198e-02 -2.039851791587774660e-02 7.098748982350196191e-02 3.970268301264855415e-01 1.800838378677667717e-01 2.052383181994419936e-01 1.111819094843616851e-01 1.249645020081075752e-01 -2.365735900878118692e-01 -2.290861559843687945e-01 -1.382971639979790890e-02 -3.459451722494381043e-01 -7.789107515462322107e-02 3.432078160448434612e-01 8.490226737684446190e-02 3.164135620181696140e-15
-7.362966444195009419e-04 3.506970913030236781e-01 -4.484426405740087052e-02 3.862664454021818867e-03 -1.552721855523064853e-01 3.134593508869980560e-01 3.417828306040645581e-01 1.924786926565467265e-02 -1.021414695000683465e-01 -1.454601167399616202e-02 -1.600572776855175433e-02 -7.438368302453657321e-02 -2.848429373131935449e-01 2.118363103284321980e-01 3.434955263346417542e-01 -1.000680496817965698e-01 -2.003724912115701640e-01 3.664362692887677131e-01 -1.922571273631552835e-01 -1.040822565023068746e-01 -1.332883776168669043e-01 -5.309454853864557234e-15 -4.096637948867998818e-16 3.535533905932733978e-01
3.313957800079080362e-01 -1.494101892447023683e-02 -1.222849252624735039e-01 7.234486647200343706e-03 4.194638677101153457e-01 4.950327131479572568e-02 1.333301490765677610e-01 -2.175329205480467099e-01 -8.030972445982882679e-02 2.491270863706466776e-01 -4.119686823475884330e-01 1.172173062737912747e-01 -5.614569435860815999e-02 8.887163012798161843e-03 -3.530272014666123448e-02 -4.479559049829600070e-01 -1.555781254164121177e-03 -1.590095924522399173e-01 4.616414981501015119e-02 -2.442152155317454248e-02 -1.460188234463083157e-01 8.490226737684515579e-02 -3.432078160448430726e-01 9.013052292867393010e-16
1.231921055108703700e-01 4.228848667305463299e-02 3.286873727947304258e-01 -5.532222267673808647e-02 2.163461194008440766e-02 -3.496103547495678088e-01 3.014651805393177009e-01 1.698733671578960824e-01 -6.712510073752947504e-02 -2.039851791587771884e-02 7.098748982350211456e-02 3.970268301264853750e-01 1.800838378677669660e-01 2.052383181994421602e-01 1.111819094843618932e-01 -1.249645020081082275e-01 2.365735900878102871e-01 2.290861559843713757e-01 1.382971639979542477e-02 3.459451722494372161e-01 7.789107515462224962e-02 3.432078160448425175e-01 8.490226737684491987e-02 1.456195150701525288e-15
-7.362966444207083095e-04 3.506970913030245662e-01 -4.484426405740164767e-02 -3.862664454023184962e-03 1.552721855523063466e-01 -3.134593508869978340e-01 -3.417828306040638364e-01 -1.924786926565474204e-02 1.021414695000681244e-01 -1.454601167399584109e-02 -1.600572776855170576e-02 -7.438368302453673975e-02 -2.848429373131931563e-01 2.118363103284323368e-01 3.434955263346419208e-01 1.000680496817963894e-01 2.003724912115701640e-01 -3.664362692887666584e-01 1.922571273631543953e-01 1.040822565023070967e-01 1.332883776168671819e-01 1.185349840192608330e-15 4.854535187172325789e-16 3.535533905932746745e-01
3.313957800079078142e-01 -1.494101892447002693e-02 -1.222849252624727961e-01 1.291612389740048016e-02 -4.795314484349420814e-02 -3.225726032772362195e-02 -1.348184503293562431e-01 -5.617535543719818190e-03 -4.777923895840552881e-01 -2.491270863706467609e-01 4.119686823475883775e-01 -1.172173062737911636e-01 5.614569435860816693e-02 -8.887163012798673586e-03 3.530272014666149122e-02 1.257625482690992724e-01 -1.763938343793041152e-01 -7.132574696731386332e-02 5.982075218650076409e-02 2.863782430728690209e-01 -3.352470938989949301e-01 8.490226737684514191e-02 -3.432078160448435722e-01 7.549626059499683598e-16
1.231921055108698843e-01 4.228848667305466769e-02 3.286873727947299817e-01 -2.634179719252152316e-02 -2.168183072961831215e-01 -1.535486222694233405e-01 7.094252297019101872e-02 -4.164377869879527516e-01 1.629355529797829605e-02 2.039851791587775701e-02 -7.098748982350219783e-02 -3.970268301264854860e-01 -1.800838378677669105e-01 -2.052383181994421046e-01 -1.111819094843618100e-01 -8.831275794498961995e-02 -3.436674441822029080e-01 -5.305527793015884369e-02 3.049226958363199930e-04 1.697748834903778647e-01 3.040642662911143823e-01 3.432078160448428505e-01 8.490226737684522518e-02 2.068143899955732877e-15
-7.362966444199957718e-04 3.506970913030233450e-01 -4.484426405740084276e-02 -4.959954406731057475e-01 1.276217718572053399e-02 4.947273064859108310e-02 -3.629678855360105039e-02 -5.046440539245231321e-10 -7.787279874246513973e-03 1.454601167399584803e-02 1.600572776855152882e-02 7.438368302453639280e-02 2.848429373131931008e-01 -2.118363103284321702e-01 -3.434955263346416432e-01 -9.508106996506372754e-03 -6.825894656059434962e-02 1.733716196426507705e-01 4.551221724155138371e-01 -8.975746093806506731e-02 3.359757480534715805e-16 -1.542677273051706195e-15 -1.476024286571985055e-16 3.535533905932737864e-01
3.313957800079087024e-01 -1.494101892447002346e-02 -1.222849252624729072e-01 -7.234486647200280389e-03 -4.194638677101149571e-01 -4.950327131479637099e-02 -1.333301490765680941e-01 2.175329205480462380e-01 8.030972445982845209e-02 2.491270863706469829e-01 -4.119686823475888215e-01 1.172173062737913302e-01 -5.614569435860825020e-02 8.887163012798526135e-03 -3.530272014666149816e-02 4.479559049829588413e-01 1.555781254164012107e-03 1.590095924522404724e-01 -4.616414981501065079e-02 2.442152155317432738e-02 1.460188234463099255e-01 8.490226737684422598e-02 -3.432078160448421289e-01 3.140153465867816537e-16
1.231921055108706475e-01 4.228848667305491055e-02 3.286873727947290380e-01 2.634179719252219276e-02 2.168183072961837599e-01 1.535486222694238956e-01 -7.094252297019175424e-02 4.164377869879523630e-01 -1.629355529797828564e-02 2.039851791587786803e-02 -7.098748982350198966e-02 -3.970268301264853750e-01 -1.800838378677669382e-01 -2.052383181994422434e-01 -1.111819094843618100e-01 8.831275794498898157e-02 3.436674441822020754e-01 5.305527793016229232e-02 -3.049226958391183188e-04 -1.697748834903783366e-01 -3.040642662911150484e-01 3.432078160448430726e-01 8.490226737684422598e-02 2.135560938638830136e-15
-7.362966444202174911e-04 3.506970913030241777e-01 -4.484426405740147420e-02 1.164939411700739204e-02 1.144820466586708302e-01 1.389111320613322098e-01 1.881297091839902180e-02 -3.991132695750879145e-01 2.404506605798671648e-01 2.968263458645209463e-01 1.437873718165954828e-01 -1.579810958888032690e-01 6.984519377128997619e-02 3.015555716046712798e-01 -1.429936068144149752e-01 2.685333545944698086e-01 2.027014905724366101e-01 1.849126396997277932e-01 1.359069803772513900e-02 2.434850266925510653e-01 -2.077007307945896719e-01 1.994163944178953693e-15 -1.939786590869847076e-16 -3.535533905932742305e-01
3.313957800079088134e-01 -1.494101892446974590e-02 -1.222849252624736566e-01 2.907610624981938896e-01 1.357466630903626965e-02 3.835727986286990299e-01 2.835957824078077973e-03 1.329061448001774004e-01 -2.176132209313559607e-02 -2.887796113967907030e-01 -2.294868066220192571e-01 -1.537206276032888896e-01 1.637537427721485195e-01 2.421405803510574550e-01 -6.974784120360469353e-02 -6.135865863390357194e-02 1.250984527829218998e-02 -8.516885795954297345e-03 3.307569694371518265e-01 2.650224256520282706e-01 2.576218595313017334e-01 -8.490226737684287983e-02 3.432078160448434612e-01 -5.788238990456206883e-16
1.231921055108701202e-01 4.228848667305549341e-02 3.286873727947292045e-01 2.359910828372411562e-01 -1.145003572500167544e-01 -1.900890462613309684e-01 -1.519988703988377488e-01 1.019512936653772656e-01 3.340154317090993086e-01 -1.257317195059467207e-01 4.058811432491490206e-02 1.565528950877621561e-01 -3.187292488018032000e-01 1.155673192737364657e-01 -3.051084911951583156e-01 -2.158847566960810926e-01 -2.232905267028157392e-01 1.547362747559298535e-01 1.844249735269368751e-01 3.405850203966136192e-02 -3.072771474810851999e-01 -3.432078160448436277e-01 -8.490226737684539171e-02 -2.049869406673953006e-15
-7.362966444198705464e-04 3.506970913030240111e-01 -4.484426405740125215e-02 -1.733103136720914178e-02 3.529349658949382795e-01 -5.715060041881235564e-02 2.493356284875257456e-01 1.871978845707606420e-01 1.570320045443591439e-01 -2.968263458645203356e-01 -1.437873718165961767e-01 1.579810958888033523e-01 -6.984519377128980966e-02 -3.015555716046713908e-01 1.429936068144153083e-01 3.051850986575886937e-01 -3.775395436975769181e-01 -9.722879421480271067e-02 6.590433376615750501e-05 6.731473793349176948e-02 1.847246034190308181e-02 2.250903018623521143e-15 6.969930926148997079e-17 -3.535533905932735643e-01
3.313957800079082028e-01 -1.494101892447002346e-02 -1.222849252624726019e-01 2.090970426289335271e-01 -1.816090290470634694e-01 -1.195861783902929382e-01 3.752436613335877191e-01 -1.136582750298790329e-01 -7.259286753268692771e-02 2.887796113967902589e-01 2.294868066220199232e-01 1.537206276032889452e-01 -1.637537427721487138e-01 -2.421405803510570109e-01 6.974784120360462414e-02 1.519186013191937135e-01 1.196036993726833225e-01 -1.845477638501635542e-01 3.166223303415174883e-01 -2.506976300877868935e-01 -1.243334819144360920e-01 -8.490226737684251901e-02 3.432078160448427395e-01 2.260877938076178035e-16
1.231921055108702867e-01 4.228848667305415421e-02 3.286873727947297597e-01 -2.359910828372405178e-01 1.145003572500180034e-01 1.900890462613308018e-01 1.519988703988368883e-01 -1.019512936653775154e-01 -3.340154317090989755e-01 -1.257317195059463322e-01 4.058811432491504778e-02 1.565528950877624337e-01 -3.187292488018030889e-01 1.155673192737367294e-01 -3.051084911951586487e-01 2.158847566960818698e-01 2.232905267028171270e-01 -1.547362747559327401e-01 -1.844249735269340162e-01 -3.405850203966080680e-02 3.072771474810860326e-01 -3.432078160448421289e-01 -8.490226737684403169e-02 -2.262079412673756451e-15
-7.362966444204727123e-04 3.506970913030241777e-01 -4.484426405740119664e-02 1.733103136720773318e-02 -3.529349658949385571e-01 5.715060041881254993e-02 -2.493356284875249962e-01 -1.871978845707606420e-01 -1.570320045443595325e-01 -2.968263458645211683e-01 -1.437873718165957881e-01 1.579810958888036576e-01 -6.984519377129005946e-02 -3.015555716046710022e-01 1.429936068144153638e-01 -3.051850986575883606e-01 3.775395436975764740e-01 9.722879421480182249e-02 -6.590433376563176182e-05 -6.731473793349215806e-02 -1.847246034190268282e-02 2.161465451067101640e-15 -6.938893903907228378e-17 -3.535533905932742860e-01
3.313957800079078142e-01 -1.494101892447045887e-02 -1.222849252624724908e-01 -2.907610624981939451e-01 -1.357466630903591404e-02 -3.835727986286999736e-01 -2.835957824078427086e-03 -1.329061448001777612e-01 2.176132209313486054e-02 -2.887796113967906475e-01 -2.294868066220196456e-01 -1.537206276032889174e-01 1.637537427721486583e-01 2.421405803510570109e-01 -6.974784120360504047e-02 6.135865863390341929e-02 -1.250984527829200610e-02 8.516885795953603455e-03 -3.307569694371513824e-01 -2.650224256520287702e-01 -2.576218595313030102e-01 -8.490226737684647418e-02 3.432078160448420734e-01 -5.689893001203927270e-16
1.231921055108696483e-01 4.228848667305543096e-02 3.286873727947290935e-01 2.561416933818419506e-01 2.570103656166033423e-01 -1.728430352742577891e-01 -1.534871716516257589e-01 -1.211991624263882295e-01 -2.240866823347845704e-01 1.257317195059467485e-01 -4.058811432491481186e-02 -1.565528950877622671e-01 3.187292488018030889e-01 -1.155673192737364380e-01 3.051084911951587042e-01 1.063086000177794199e-01 -4.534091106934774740e-02 3.850716141754840227e-01 7.844007152542545325e-02 -2.278982194800333594e-01 1.739887698642194336e-01 -3.432078160448445714e-01 -8.490226737684450353e-02 -2.553512956637860043e-15
-7.362966444200147453e-04 3.506970913030241777e-01 -4.484426405740089133e-02 -1.164939411700888217e-02 -1.144820466586708996e-01 -1.389111320613318490e-01 -1.881297091839828628e-02 3.991132695750876924e-01 -2.404506605798673036e-01 2.968263458645206687e-01 1.437873718165962600e-01 -1.579810958888035466e-01 6.984519377128957374e-02 3.015555716046712242e-01 -1.429936068144154471e-01 -2.685333545944700862e-01 -2.027014905724369431e-01 -1.849126396997289312e-01 -1.359069803772461338e-02 -2.434850266925515927e-01 2.077007307945885062e-01 2.494532358454648602e-15 1.526556658859590243e-16 -3.535533905932735643e-01
3.313957800079081473e-01 -1.494101892447009805e-02 -1.222849252624736011e-01 -2.090970426289337492e-01 1.816090290470631641e-01 1.195861783902917586e-01 -3.752436613335877746e-01 1.136582750298784084e-01 7.259286753268637260e-02 2.887796113967905365e-01 2.294868066220200342e-01 1.537206276032888064e-01 -1.637537427721485750e-01 -2.421405803510572885e-01 6.974784120360477679e-02 -1.519186013191937690e-01 -1.196036993726835723e-01 1.845477638501628326e-01 -3.166223303415168222e-01 2.506976300877871711e-01 1.243334819144343434e-01 -8.490226737684702929e-02 3.432078160448431836e-01 -1.235123114895486651e-15
1.231921055108710916e-01 4.228848667305429299e-02 3.286873727947299262e-01 -2.561416933818413399e-01 -2.570103656166031758e-01 1.728430352742582610e-01 1.534871716516249263e-01 1.211991624263879935e-01 2.240866823347844594e-01 1.257317195059461934e-01 -4.058811432491507554e-02 -1.565528950877622671e-01 3.187292488018028669e-01 -1.155673192737365490e-01 3.051084911951584822e-01 -1.063086000177792256e-01 4.534091106934896864e-02 -3.850716141754875199e-01 -7.844007152542260830e-02 2.278982194800335259e-01 -1.739887698642184344e-01 -3.432078160448414628e-01 -8.490226737684490599e-02 -1.790234627208064921e-15
