5.243478557457632340e-03 -6.245066372411702676e-02 -3.479546242443583570e-01 4.986838259898563885e-01 6.568435157774653657e-03 3.478675526453618196e-03 1.640435838806060184e-02 2.016634289738915981e-02 2.415391919133268173e-02 3.131238076914417544e-05 -1.847424954234854399e-04 -4.991037593840332853e-01 -1.773248165318108693e-02 -4.520358492733807243e-03 -2.367546645763579649e-02 -2.506153295664187777e-02 -7.850806511913287905e-03 -2.176695989621424132e-01 -4.024771551003153425e-01 1.970087381796225279e-01 3.361438373472019903e-02 -5.719852556548311873e-16 3.535533905932742860e-01 -7.604127267134986188e-17
-1.877273247787255295e-01 2.943806216648611196e-01 -5.566418165781600313e-02 -2.706076598001683209e-02 3.636639358767720931e-01 -6.674824002360942032e-02 1.697767739789657060e-01 9.803571673693058097e-02 2.722604899762550157e-01 1.941936278950563005e-02 4.311709486596153069e-04 2.579102111252007390e-02 -3.878458695447716820e-01 1.414871073422561132e-01 -2.802043996860446584e-01 -3.910962033780844560e-02 -3.243007126149354269e-01 2.065256181488267784e-01 -6.324839471705989702e-02 1.293103962219335490e-01 -2.827103047951450288e-01 -1.863369108513756311e-01 -4.996003610813204432e-16 3.004639007507666770e-01
-2.995512601609995329e-01 -1.855800748696567748e-01 2.879372062327156812e-02 -1.558396191228653138e-02 -1.006528431879267355e-01 6.024221786397085214e-03 -1.382113844113362078e-01 4.666122542515252491e-01 5.254018883275927282e-02 1.039527088281681222e-01 4.525271166145736906e-02 -3.893496465475765334e-03 -3.033194015534757537e-01 -1.691577985206425550e-01 3.413412470545209021e-01 -3.185192096266701856e-01 -8.807225644075385163e-02 5.233558308570383788e-02 1.284076566871183434e-01 2.316669982278055651e-01 2.605602677377273357e-01 3.004639007507661219e-01 5.551115123125782702e-16 1.863369108513746042e-01
5.243478557458678378e-03 -6.245066372411928191e-02 -3.479546242443617987e-01 1.726073739050061964e-02 2.037067494694137781e-01 -2.432517452750437847e-01 -3.743512378621148828e-01 -5.456266940902976259e-02 -7.693036724239223079e-02 -3.131238076898510265e-05 1.847424954235171528e-04 4.991037593840335074e-01 1.773248165318102448e-02 4.520358492733776018e-03 2.367546645763565424e-02 2.939014172121033955e-02 7.014913681487986059e-03 -3.167143856223997855e-01 2.529425586448905139e-01 2.059607756344893625e-01 -2.058621612188347993e-01 -8.914044347932674030e-16 3.535533905932741194e-01 2.233805946522415507e-16
-1.877273247787237531e-01 2.943806216648621188e-01 -5.566418165781493455e-02 4.547833783031159267e-03 2.436407054711335618e-01 3.764537198291427189e-01 -7.733945870407098189e-02 4.764136338690700551e-02 -2.016185241841849385e-01 -1.941936278950577577e-02 -4.311709486594459003e-04 -2.579102111252010859e-02 3.878458695447719040e-01 -1.414871073422557246e-01 2.802043996860443253e-01 -5.264736959306989816e-02 -3.357513964806482787e-01 -2.346729289253077777e-01 1.545150648314589856e-02 -2.642858149593216299e-01 9.665469271862124623e-02 -1.863369108513746319e-01 -3.459276585585747761e-16 3.004639007507665660e-01
-2.995512601609944259e-01 -1.855800748696585234e-01 2.879372062327338957e-02 1.558396191228651230e-02 1.006528431879263608e-01 -6.024221786394872574e-03 1.382113844113356527e-01 -4.666122542515278027e-01 -5.254018883275952262e-02 1.039527088281683581e-01 4.525271166145757723e-02 -3.893496465475605305e-03 -3.033194015534761423e-01 -1.691577985206426382e-01 3.413412470545207911e-01 3.185192096266698525e-01 8.807225644075357407e-02 -5.233558308570349787e-02 -1.284076566871181768e-01 -2.316669982278045381e-01 -2.605602677377278353e-01 3.004639007507669546e-01 4.415984436214533417e-16 1.863369108513752703e-01
5.243478557457623666e-03 -6.245066372411708921e-02 -3.479546242443601889e-01 -1.726073739049689346e-02 -2.037067494694126402e-01 2.432517452750457554e-01 3.743512378621165482e-01 5.456266940902970708e-02 7.693036724239142587e-02 -3.131238076924878062e-05 1.847424954236108279e-04 4.991037593840336739e-01 1.773248165318132979e-02 4.520358492733609485e-03 2.367546645763601507e-02 -2.939014172121019383e-02 -7.014913681488073663e-03 3.167143856224004517e-01 -2.529425586448899588e-01 -2.059607756344903617e-01 2.058621612188348826e-01 -3.640484980963179970e-16 3.535533905932735088e-01 -1.651974639665632138e-16
-1.877273247787214494e-01 2.943806216648586216e-01 -5.566418165781626681e-02 2.706076598001590575e-02 -3.636639358767743135e-01 6.674824002360792152e-02 -1.697767739789672881e-01 -9.803571673693499411e-02 -2.722604899762550157e-01 1.941936278950543229e-02 4.311709486597243776e-04 2.579102111251998716e-02 -3.878458695447720150e-01 1.414871073422557801e-01 -2.802043996860447694e-01 3.910962033780891745e-02 3.243007126149346497e-01 -2.065256181488269449e-01 6.324839471705996641e-02 -1.293103962219336323e-01 2.827103047951463610e-01 -1.863369108513747430e-01 -3.174067712190704935e-16 3.004639007507667325e-01
-2.995512601609954806e-01 -1.855800748696582458e-01 2.879372062327219609e-02 -4.547628440187457405e-03 -8.195833952998766991e-02 2.112047946180358737e-01 -2.359748209041294675e-01 -1.304167805227811894e-01 3.549113010947212432e-01 -1.039527088281679834e-01 -4.525271166145720947e-02 3.893496465475679031e-03 3.033194015534761978e-01 1.691577985206423329e-01 -3.413412470545208466e-01 3.778258121227754396e-01 -1.556678548298506826e-01 4.299669578499553529e-02 5.748536218701443684e-02 1.689081032788074255e-01 2.221079570816716642e-01 3.004639007507670656e-01 5.199202482152147547e-16 1.863369108513749095e-01
5.243478557458752971e-03 -6.245066372411926803e-02 -3.479546242443636306e-01 -4.986838259898527803e-01 -6.568435157773525220e-03 -3.478675526451652320e-03 -1.640435838805889140e-02 -2.016634289738927083e-02 -2.415391919133344154e-02 3.131238076907480006e-05 -1.847424954235097803e-04 -4.991037593840333408e-01 -1.773248165318084407e-02 -4.520358492733734385e-03 -2.367546645763583812e-02 2.506153295664185002e-02 7.850806511912975655e-03 2.176695989621429406e-01 4.024771551003157311e-01 -1.970087381796231663e-01 -3.361438373471991453e-02 -6.283073945391204638e-16 3.535533905932728427e-01 1.710518506796308372e-16
-1.877273247787233368e-01 2.943806216648580665e-01 -5.566418165781725907e-02 -4.547833783031837544e-03 -2.436407054711355047e-01 -3.764537198291437736e-01 7.733945870406969125e-02 -4.764136338691153660e-02 2.016185241841840503e-01 -1.941936278950533515e-02 -4.311709486597519164e-04 -2.579102111252007737e-02 3.878458695447719595e-01 -1.414871073422560299e-01 2.802043996860447139e-01 5.264736959306993286e-02 3.357513964806483342e-01 2.346729289253073059e-01 -1.545150648314568172e-02 2.642858149593214079e-01 -9.665469271862131562e-02 -1.863369108513756589e-01 -2.003732553729251385e-16 3.004639007507667881e-01
-2.995512601609984227e-01 -1.855800748696576075e-01 2.879372062327303916e-02 4.547628440187505977e-03 8.195833952998707317e-02 -2.112047946180348190e-01 2.359748209041290790e-01 1.304167805227779697e-01 -3.549113010947216318e-01 -1.039527088281687744e-01 -4.525271166145727192e-02 3.893496465475645204e-03 3.033194015534753651e-01 1.691577985206429713e-01 -3.413412470545208466e-01 -3.778258121227756616e-01 1.556678548298508213e-01 -4.299669578499532019e-02 -5.748536218701445072e-02 -1.689081032788069814e-01 -2.221079570816715254e-01 3.004639007507667325e-01 4.569194357980810530e-16 1.863369108513757977e-01
5.243478557456513443e-03 -6.245066372411633981e-02 -3.479546242443610771e-01 -2.132226127472770794e-02 2.123467293149974844e-01 2.634672481049839532e-01 -1.408744450202837062e-01 2.409362769262943793e-01 2.390467278597752654e-01 3.467357992298363695e-02 3.481761014266281096e-02 -1.459179648258268278e-02 9.089872748642542633e-03 4.484222160569384386e-01 2.149591745301571988e-01 1.622519371738679120e-02 4.518961101830940574e-01 -3.359248404710960673e-02 -6.904806532010954179e-02 -1.327998413846118997e-01 -1.483063063714374075e-01 4.894199421871274936e-16 -3.535533905932735088e-01 4.826834393305640155e-16
-1.877273247787255572e-01 2.943806216648605090e-01 -5.566418165781539251e-02 2.524541149541265628e-01 9.579034048462310713e-02 -2.224768212901163666e-01 -1.300917214906321673e-01 2.813163541313307148e-01 -1.775737801565106799e-01 4.003178742918442889e-01 2.733692226441713502e-01 1.396480663182229692e-03 8.198572407492651926e-02 -1.043417350499254923e-02 -9.045654507173817027e-02 3.460082064924382417e-01 -3.337985277933582656e-02 2.625225486419176524e-01 3.930615097766060329e-02 -2.328642043815552787e-01 6.689773341402902029e-02 1.863369108513756589e-01 -1.816402025371739285e-16 -3.004639007507669546e-01
-2.995512601609983117e-01 -1.855800748696570246e-01 2.879372062327380938e-02 2.249072444181538788e-01 -3.855754195300033910e-02 -9.823576952562647346e-02 3.189359144666059631e-01 6.256168282821970850e-02 2.874816502970817811e-01 2.781367722424594180e-01 -4.147396462649586280e-01 -4.802094749241414594e-04 2.131188574584493359e-02 1.245986294145206077e-02 -4.613727653356312387e-03 2.045696271129544830e-02 1.707518163843883873e-03 -2.701216668671962418e-01 3.670598074727056126e-01 -1.923220868631944636e-01 6.994422628010625587e-02 -3.004639007507663995e-01 -7.089961392341233345e-16 -1.863369108513750760e-01
5.243478557457665300e-03 -6.245066372411704758e-02 -3.479546242443596893e-01 -1.190670922253734979e-03 3.949579120329112514e-01 4.623823170055246790e-02 2.333117602951815805e-01 -9.525919680245241439e-02 -1.684047620677055768e-01 -3.467357992298351205e-02 -3.481761014266252646e-02 1.459179648258239308e-02 -9.089872748642459366e-03 -4.484222160569384941e-01 -2.149591745301573098e-01 7.553179621349187522e-02 2.081559989124893428e-01 6.173979482358969706e-02 1.168449535540232176e-01 2.677752601220004247e-01 3.343619184479618700e-01 4.130921092441479814e-16 -3.535533905932734533e-01 -3.916171925617467601e-16
-1.877273247787215604e-01 2.943806216648594543e-01 -5.566418165781500393e-02 2.634904484262255986e-01 1.144848441425620617e-01 -1.729624845847688858e-02 -2.278551579834254825e-01 -3.157126806429756405e-01 1.247973321054515194e-01 -4.003178742918445665e-01 -2.733692226441712947e-01 -1.396480663182100021e-03 -8.198572407492668579e-02 1.043417350499247984e-02 9.045654507173796210e-02 -3.503368152570067728e-01 3.421574560976154561e-02 2.718614359426255733e-01 1.102284454777644335e-01 -1.701053094325572779e-01 1.053500440700851221e-01 1.863369108513751038e-01 -7.061790007465828680e-17 -3.004639007507666215e-01
-2.995512601609956471e-01 -1.855800748696585512e-01 2.879372062327131832e-02 -2.249072444181538233e-01 3.855754195300008930e-02 9.823576952562826370e-02 -3.189359144666064627e-01 -6.256168282822280324e-02 -2.874816502970825027e-01 2.781367722424593070e-01 -4.147396462649589055e-01 -4.802094749242341587e-04 2.131188574584472195e-02 1.245986294145206771e-02 -4.613727653356311520e-03 -2.045696271129535809e-02 -1.707518163843707582e-03 2.701216668671957977e-01 -3.670598074727056126e-01 1.923220868631935199e-01 -6.994422628010593668e-02 -3.004639007507670656e-01 -1.942890293094023946e-16 -1.863369108513752148e-01
5.243478557458811085e-03 -6.245066372411954558e-02 -3.479546242443621873e-01 1.190670922257330844e-03 -3.949579120329100856e-01 -4.623823170055067766e-02 -2.333117602951798319e-01 9.525919680245237275e-02 1.684047620677046608e-01 -3.467357992298328306e-02 -3.481761014266298443e-02 1.459179648258231501e-02 -9.089872748642424671e-03 -4.484222160569383830e-01 -2.149591745301573653e-01 -7.553179621349227768e-02 -2.081559989124894816e-01 -6.173979482359003707e-02 -1.168449535540237172e-01 -2.677752601219999251e-01 -3.343619184479620365e-01 6.314393452555577824e-16 -3.535533905932737309e-01 4.579669976578770729e-16
-1.877273247787214216e-01 2.943806216648592322e-01 -5.566418165781686356e-02 -2.524541149541276175e-01 -9.579034048462493900e-02 2.224768212901148401e-01 1.300917214906303909e-01 -2.813163541313348781e-01 1.775737801565102081e-01 4.003178742918445665e-01 2.733692226441712392e-01 1.396480663182224705e-03 8.198572407492649150e-02 -1.043417350499230289e-02 -9.045654507173829517e-02 -3.460082064924387968e-01 3.337985277933608330e-02 -2.625225486419173748e-01 -3.930615097766064492e-02 2.328642043815553897e-01 -6.689773341402988072e-02 1.863369108513748262e-01 7.771561172376095783e-16 -3.004639007507667325e-01
-2.995512601609964243e-01 -1.855800748696563307e-01 2.879372062327478776e-02 2.565158441812016576e-01 -1.585807723586392382e-01 3.449661903271252772e-01 7.181968178356881727e-02 1.216732947819618854e-02 -1.863973638633572572e-01 -2.781367722424595290e-01 4.147396462649584059e-01 4.802094749241005850e-04 -2.131188574584486073e-02 -1.245986294145178669e-02 4.613727653355992331e-03 3.399471196655697719e-02 1.315820202955748919e-02 1.710768802069382311e-01 2.883599062725001327e-01 2.012741243180611039e-01 -3.094207712336612959e-01 -3.004639007507675097e-01 -7.216449660063517513e-16 -1.863369108513751871e-01
5.243478557459824163e-03 -6.245066372411993416e-02 -3.479546242443610216e-01 2.132226127473138555e-02 -2.123467293149963464e-01 -2.634672481049818438e-01 1.408744450202851495e-01 -2.409362769262946014e-01 -2.390467278597760425e-01 3.467357992298326919e-02 3.481761014266267912e-02 -1.459179648258250236e-02 9.089872748642674471e-03 4.484222160569382165e-01 2.149591745301576706e-01 -1.622519371738643038e-02 -4.518961101830940019e-01 3.359248404710860753e-02 6.904806532010902831e-02 1.327998413846123715e-01 1.483063063714374352e-01 5.759281940242999553e-16 -3.535533905932736198e-01 -4.857225732735059864e-16
-1.877273247787253907e-01 2.943806216648605645e-01 -5.566418165781736316e-02 -2.634904484262265978e-01 -1.144848441425641711e-01 1.729624845847571590e-02 2.278551579834237339e-01 3.157126806429713106e-01 -1.247973321054519080e-01 -4.003178742918446220e-01 -2.733692226441714612e-01 -1.396480663182311441e-03 -8.198572407492632497e-02 1.043417350499231677e-02 9.045654507173769843e-02 3.503368152570069394e-01 -3.421574560976105295e-02 -2.718614359426255178e-01 -1.102284454777644473e-01 1.701053094325576109e-01 -1.053500440700858853e-01 1.863369108513752703e-01 7.494005416219806648e-16 -3.004639007507665105e-01
-2.995512601609971459e-01 -1.855800748696591618e-01 2.879372062327031911e-02 -2.565158441812017132e-01 1.585807723586383777e-01 -3.449661903271236674e-01 -7.181968178356960830e-02 -1.216732947819908900e-02 1.863973638633571461e-01 -2.781367722424594735e-01 4.147396462649587945e-01 4.802094749239930321e-04 -2.131188574584474971e-02 -1.245986294145220996e-02 4.613727653356866631e-03 -3.399471196655642208e-02 -1.315820202955740592e-02 -1.710768802069386751e-01 -2.883599062725000772e-01 -2.012741243180615480e-01 3.094207712336609628e-01 -3.004639007507663440e-01 -3.608224830031758756e-16 -1.863369108513753258e-01
