3.403048635312474479e-01 -6.901647070385041882e-02 6.655318646438382335e-02 -1.518080269319279640e-01 4.576579449186753967e-01 8.652334919645395667e-03 1.104038168663577617e-02 -1.123748198071142235e-02 1.310743853055783004e-01 4.231744229170596450e-01 -8.668668570529977635e-02 1.063606305185304905e-03 -2.502574154095543735e-01 1.963487635936230283e-02 1.983413004781933719e-02 3.153057680669230645e-01 1.603315889105811076e-01 -4.418516419315988682e-17 -3.504499169539600500e-01 -4.534901303780252552e-02 -2.092114861946475085e-03 5.507282696979416692e-02 2.529220974919306753e-01 -2.408264859392287849e-01
-2.986975661352869738e-02 -3.095191978184659298e-01 -1.682428715329747915e-01 8.998736119095221420e-02 7.256949483625552144e-02 3.911489445549217736e-01 -4.894619012527461066e-02 -2.132342527300153390e-01 -1.891398169438778254e-01 -1.098098848060045651e-01 3.129147223609014539e-01 1.011657923839882761e-01 -3.071696241359483937e-01 1.699747576043833877e-02 -1.874821484994374787e-01 -2.078005458410442374e-02 2.502643372525873433e-01 7.282917846542436013e-02 1.063183894617701908e-01 -9.975726714371714599e-02 4.004706597359276032e-01 -2.844281995517898287e-01 1.739535922346640562e-01 1.176467043668579793e-01
-9.110651731258180563e-02 -1.563156836449800524e-01 3.037515589256681303e-01 2.309109763428295325e-01 -3.873840117411324335e-02 6.920077873279002756e-02 -1.338180655608577629e-01 -1.126525914676481943e-01 3.997409517010032665e-01 1.565119067581640655e-01 3.252067824040357769e-01 6.169315748269457722e-02 1.524165521589862515e-01 -2.154484360815603905e-01 2.151503940482796806e-01 -3.385011805178445021e-01 6.637492894983748615e-02 -1.673973332199712172e-01 -2.895373286002190794e-01 1.150634208859638435e-01 7.692851842353286285e-02 -2.026513829937549305e-01 -1.754153937057352231e-01 -2.305685508081714297e-01
3.403048635312466152e-01 -6.901647070385244498e-02 6.655318646438566910e-02 7.264449753867253945e-02 8.043534720523681791e-02 -2.173650260159115943e-01 -3.920820708150819511e-01 -1.098764770797071577e-01 -1.587582655874613391e-01 -4.231744229170597005e-01 8.668668570529944328e-02 -1.063606305184954708e-03 2.502574154095543180e-01 -1.963487635936226466e-02 -1.983413004781936495e-02 8.535516617122219929e-02 -8.850614110543461588e-02 -4.276479522712892112e-01 6.281583718400066130e-02 -2.080646176027812488e-01 6.900487673608515782e-02 5.507282696979425712e-02 2.529220974919316189e-01 -2.408264859392280077e-01
-2.986975661353332562e-02 -3.095191978184612114e-01 -1.682428715329800095e-01 -3.717444455502337819e-01 -1.496459185845231965e-01 1.510351054480247313e-01 -2.340779992392238162e-01 3.045007245868511583e-02 1.043112962975325797e-01 1.098098848060046068e-01 -3.129147223609018424e-01 -1.011657923839882900e-01 3.071696241359485047e-01 -1.699747576043894245e-02 1.874821484994375898e-01 8.494184416190621312e-02 -3.702545403599775686e-01 7.052416600226521504e-02 -1.084738240048880309e-01 1.069776761066218301e-01 2.784097821260312910e-01 -2.844281995517908834e-01 1.739535922346645003e-01 1.176467043668569107e-01
-9.110651731257761454e-02 -1.563156836449789977e-01 3.037515589256730708e-01 -2.309109763428349171e-01 3.873840117411425643e-02 -6.920077873278555891e-02 1.338180655608527114e-01 1.126525914676477086e-01 -3.997409517010009350e-01 1.565119067581639267e-01 3.252067824040360544e-01 6.169315748269411231e-02 1.524165521589862515e-01 -2.154484360815602517e-01 2.151503940482802912e-01 3.385011805178438915e-01 -6.637492894983741676e-02 1.673973332199703568e-01 2.895373286002184687e-01 -1.150634208859641905e-01 -7.692851842353364000e-02 -2.026513829937561517e-01 -1.754153937057353341e-01 -2.305685508081708190e-01
3.403048635312482806e-01 -6.901647070384756000e-02 6.655318646438983243e-02 -7.264449753867460724e-02 -8.043534720523781711e-02 2.173650260159117331e-01 3.920820708150771772e-01 1.098764770797108631e-01 1.587582655874662518e-01 -4.231744229170597005e-01 8.668668570530002615e-02 -1.063606305185593086e-03 2.502574154095540959e-01 -1.963487635936198711e-02 -1.983413004781875433e-02 -8.535516617122256011e-02 8.850614110543499058e-02 4.276479522712898773e-01 -6.281583718399974536e-02 2.080646176027802774e-01 -6.900487673608564354e-02 5.507282696979356323e-02 2.529220974919317300e-01 -2.408264859392272583e-01
-2.986975661353409583e-02 -3.095191978184677617e-01 -1.682428715329747082e-01 -8.998736119095505914e-02 -7.256949483625815822e-02 -3.911489445549179989e-01 4.894619012527637314e-02 2.132342527300168100e-01 1.891398169438766597e-01 -1.098098848060047594e-01 3.129147223609015649e-01 1.011657923839886786e-01 -3.071696241359486712e-01 1.699747576043807162e-02 -1.874821484994375620e-01 2.078005458410388945e-02 -2.502643372525869547e-01 -7.282917846542441564e-02 -1.063183894617701353e-01 9.975726714371599413e-02 -4.004706597359266596e-01 -2.844281995517910500e-01 1.739535922346653884e-01 1.176467043668582985e-01
-9.110651731257758679e-02 -1.563156836449804132e-01 3.037515589256715720e-01 -1.485448180490623882e-01 -7.013176254355724115e-02 -1.485925128806706852e-01 1.451008125115212377e-01 -4.227460454798372957e-01 3.417269770983041854e-02 -1.565119067581637879e-01 -3.252067824040363320e-01 -6.169315748269482008e-02 -1.524165521589863070e-01 2.154484360815604460e-01 -2.151503940482796251e-01 -1.451440369477575154e-01 -1.110592194879924527e-01 1.697575168372559840e-01 -1.278162400514750996e-01 -4.123314874699344768e-01 -3.777826097651243442e-02 -2.026513829937557909e-01 -1.754153937057354729e-01 -2.305685508081709301e-01
3.403048635312474479e-01 -6.901647070385026617e-02 6.655318646439047081e-02 1.518080269319252440e-01 -4.576579449186761739e-01 -8.652334919645404340e-03 -1.104038168664040094e-02 1.123748198071460383e-02 -1.310743853055737762e-01 4.231744229170602001e-01 -8.668668570529974859e-02 1.063606305184784055e-03 -2.502574154095540959e-01 1.963487635936210160e-02 1.983413004781912209e-02 -3.153057680669236196e-01 -1.603315889105804692e-01 -5.770756449592643536e-17 3.504499169539607717e-01 4.534901303780271981e-02 2.092114861946429549e-03 5.507282696979429876e-02 2.529220974919312304e-01 -2.408264859392272028e-01
-2.986975661352913106e-02 -3.095191978184723136e-01 -1.682428715329700175e-01 3.717444455502310618e-01 1.496459185845199769e-01 -1.510351054480209010e-01 2.340779992392265918e-01 -3.045007245868344703e-02 -1.043112962975338426e-01 1.098098848060048288e-01 -3.129147223609015649e-01 -1.011657923839884288e-01 3.071696241359485047e-01 -1.699747576043827285e-02 1.874821484994375898e-01 -8.494184416190675435e-02 3.702545403599785123e-01 -7.052416600226620036e-02 1.084738240048867680e-01 -1.069776761066222326e-01 -2.784097821260306804e-01 -2.844281995517899397e-01 1.739535922346640839e-01 1.176467043668590340e-01
-9.110651731258184727e-02 -1.563156836449777209e-01 3.037515589256700732e-01 1.485448180490561154e-01 7.013176254355954486e-02 1.485925128806749596e-01 -1.451008125115272607e-01 4.227460454798376288e-01 -3.417269770982696298e-02 -1.565119067581639545e-01 -3.252067824040358324e-01 -6.169315748269417476e-02 -1.524165521589861128e-01 2.154484360815600852e-01 -2.151503940482800137e-01 1.451440369477560999e-01 1.110592194879927580e-01 -1.697575168372553178e-01 1.278162400514769037e-01 4.123314874699349764e-01 3.777826097651160869e-02 -2.026513829937563738e-01 -1.754153937057344181e-01 -2.305685508081710966e-01
3.403048635312476144e-01 -6.901647070384811511e-02 6.655318646438460051e-02 -9.969546303275449162e-02 -9.297329373296848998e-02 2.313961579275287117e-01 -1.358707212069180936e-01 -3.590914086094067481e-01 1.745425643822457740e-01 1.789619451925499316e-01 1.473349530727360857e-01 -6.284090830464712785e-02 2.475787262099732600e-01 2.325685003489937619e-01 -2.773674836621403683e-01 2.097417139439002876e-01 8.233724682277199225e-02 -7.285676404248764282e-02 2.097545015974051907e-01 1.450238288105327733e-01 -3.590153496544896683e-01 -5.507282696979487469e-02 -2.529220974919310083e-01 2.408264859392284518e-01
-2.986975661353370032e-02 -3.095191978184673176e-01 -1.682428715329791491e-01 1.501461324993176860e-01 2.847433267466773499e-01 4.540300258599137481e-03 -3.299802836004098738e-01 9.448974747588488599e-02 1.689421868546424343e-01 -4.821175053685852058e-02 1.260088387922395081e-01 -2.167839794536887410e-01 -7.907444936400516433e-02 3.166106191564636019e-01 2.798339743558063142e-01 -1.036518953340287430e-01 -1.246297981214883194e-01 3.824014011642577482e-01 2.246775841593518785e-01 -1.369906388576569156e-01 -9.080977063709273767e-02 2.844281995517903283e-01 -1.739535922346643337e-01 -1.176467043668569801e-01
-9.110651731257680963e-02 -1.563156836449804687e-01 3.037515589256724602e-01 1.186396411352898667e-01 2.997190055671090647e-01 2.330656000212290579e-01 2.941271308078308167e-01 -7.252266504485227472e-02 -1.809231174183580006e-03 4.179630809000221131e-03 -3.499325476331997115e-02 4.301325749213052441e-01 4.732069795241198445e-02 2.204022171415625786e-01 1.136995383601779736e-01 -6.211435157484484354e-02 -4.346783038142909561e-01 -2.149764823672240255e-01 9.923677033565103667e-02 2.200966934268030334e-02 -2.548194300593204994e-02 2.026513829937558187e-01 1.754153937057355006e-01 2.305685508081706248e-01
3.403048635312478920e-01 -6.901647070384615834e-02 6.655318646438584951e-02 -1.820616213265265904e-01 1.589686998470297291e-02 3.107878920754140184e-01 -1.471534681575874248e-01 1.763072283380786309e-01 -2.593710850285850800e-01 -1.789619451925496540e-01 -1.473349530727360579e-01 6.284090830464707234e-02 -2.475787262099732045e-01 -2.325685003489939562e-01 2.773674836621400352e-01 -2.739035035217020075e-01 3.765295628461780286e-02 -7.049658042520343115e-02 -2.075990670542888494e-01 -1.522442377734377073e-01 -3.198650922074682823e-01 -5.507282696979385467e-02 -2.529220974919316745e-01 2.408264859392278689e-01
-2.986975661352967576e-02 -3.095191978184683168e-01 -1.682428715329758739e-01 -2.293096618925736518e-01 2.533499653772326998e-01 -2.132529913548612543e-01 -5.106140552803000582e-02 -2.156037065363052008e-01 -1.966260671365309132e-01 4.821175053685819445e-02 -1.260088387922393416e-01 2.167839794536885745e-01 7.907444936400637170e-02 -3.166106191564636574e-01 -2.798339743558059811e-01 -2.970090389041163959e-01 5.280435031634138354e-02 4.524655110703255240e-02 6.295649561060887023e-02 3.904042694982414741e-01 2.389700876295254919e-02 2.844281995517907169e-01 -1.739535922346643060e-01 -1.176467043668577295e-01
-9.110651731258195829e-02 -1.563156836449784148e-01 3.037515589256691295e-01 -1.186396411352959729e-01 -2.997190055671078435e-01 -2.330656000212245338e-01 -2.941271308078366453e-01 7.252266504485231635e-02 1.809231174186874246e-03 4.179630809000436237e-03 -3.499325476331952706e-02 4.301325749213052441e-01 4.732069795241193588e-02 2.204022171415626896e-01 1.136995383601778487e-01 6.211435157484544028e-02 4.346783038142902345e-01 2.149764823672245528e-01 -9.923677033565184158e-02 -2.200966934268001884e-02 2.548194300593257730e-02 2.026513829937559852e-01 1.754153937057348900e-01 2.305685508081706803e-01
3.403048635312470038e-01 -6.901647070385451277e-02 6.655318646438962427e-02 1.820616213265243977e-01 -1.589686998470401375e-02 -3.107878920754136853e-01 1.471534681575823178e-01 -1.763072283380749394e-01 2.593710850285901870e-01 -1.789619451925498761e-01 -1.473349530727363355e-01 6.284090830464685029e-02 -2.475787262099730657e-01 -2.325685003489939007e-01 2.773674836621402573e-01 2.739035035217024516e-01 -3.765295628461814981e-02 7.049658042520258461e-02 2.075990670542884609e-01 1.522442377734388175e-01 3.198650922074683933e-01 -5.507282696979447223e-02 -2.529220974919313969e-01 2.408264859392275636e-01
-2.986975661352900963e-02 -3.095191978184659298e-01 -1.682428715329706836e-01 -1.501461324993206836e-01 -2.847433267466805140e-01 -4.540300258595321090e-03 3.299802836004114281e-01 -9.448974747588322065e-02 -1.689421868546435446e-01 -4.821175053685994305e-02 1.260088387922392306e-01 -2.167839794536884357e-01 -7.907444936400598312e-02 3.166106191564640460e-01 2.798339743558051484e-01 1.036518953340294091e-01 1.246297981214874590e-01 -3.824014011642580257e-01 -2.246775841593511291e-01 1.369906388576582479e-01 9.080977063709165520e-02 2.844281995517906614e-01 -1.739535922346644170e-01 -1.176467043668588397e-01
-9.110651731258144481e-02 -1.563156836449759446e-01 3.037515589256678528e-01 -3.430921656058962266e-01 7.750359214633088800e-02 -7.048239085668222062e-03 1.089953216938814584e-01 1.711616601438480656e-01 2.916418820672271872e-01 -4.179630808999582753e-03 3.499325476331974910e-02 -4.301325749213052996e-01 -4.732069795241165833e-02 -2.204022171415626619e-01 -1.136995383601775989e-01 -1.678362503208556122e-01 1.858405737982746220e-01 -2.126714699040657963e-01 3.140289838023080371e-01 -1.847252739076588879e-01 9.657893460396442531e-02 2.026513829937564848e-01 1.754153937057347235e-01 2.305685508081713742e-01
3.403048635312470593e-01 -6.901647070385256988e-02 6.655318646439094266e-02 9.969546303275172994e-02 9.297329373296785160e-02 -2.313961579275286562e-01 1.358707212069132919e-01 3.590914086094105784e-01 -1.745425643822407502e-01 1.789619451925497373e-01 1.473349530727362799e-01 -6.284090830464689192e-02 2.475787262099728159e-01 2.325685003489941227e-01 -2.773674836621399797e-01 -2.097417139438995659e-01 -8.233724682277336615e-02 7.285676404248739302e-02 -2.097545015974066340e-01 -1.450238288105319961e-01 3.590153496544904455e-01 -5.507282696979401426e-02 -2.529220974919321185e-01 2.408264859392268420e-01
-2.986975661353274275e-02 -3.095191978184651527e-01 -1.682428715329737368e-01 2.293096618925709873e-01 -2.533499653772356974e-01 2.132529913548651956e-01 5.106140552803233729e-02 2.156037065363070881e-01 1.966260671365297197e-01 4.821175053685827078e-02 -1.260088387922397579e-01 2.167839794536885467e-01 7.907444936400534474e-02 -3.166106191564629913e-01 -2.798339743558062032e-01 2.970090389041172840e-01 -5.280435031634257009e-02 -4.524655110703122707e-02 -6.295649561060810695e-02 -3.904042694982408634e-01 -2.389700876295383983e-02 2.844281995517905504e-01 -1.739535922346646390e-01 -1.176467043668585344e-01
-9.110651731257743413e-02 -1.563156836449825782e-01 3.037515589256736259e-01 3.430921656058900648e-01 -7.750359214632923655e-02 7.048239085672288254e-03 -1.089953216938868430e-01 -1.711616601438477603e-01 -2.916418820672237455e-01 -4.179630809000033781e-03 3.499325476331891643e-02 -4.301325749213056326e-01 -4.732069795241215099e-02 -2.204022171415623843e-01 -1.136995383601779458e-01 1.678362503208564727e-01 -1.858405737982754269e-01 2.126714699040654633e-01 -3.140289838023095359e-01 1.847252739076586658e-01 -9.657893460396368979e-02 2.026513829937551803e-01 1.754153937057355839e-01 2.305685508081700141e-01
