-8.073849639437382514e-03 2.739324715688673875e-02 3.523981029492093131e-01 1.076610754263894049e-01 2.306377447612029674e-01 1.147841983732288407e-01 1.545979373454102468e-01 -3.842747049257454472e-01 -2.173339034966111430e-02 1.000669759222504733e-05 -1.454449479671590141e-02 -2.081047913708163749e-03 4.783648989124421602e-01 -5.182644696029073406e-02 1.351486947569850161e-01 -3.035803038946755517e-01 -2.667088623281305138e-01 1.641205446979731586e-01 0.000000000000000000e+00 1.605689624124518877e-01 -1.843568196749964527e-01 2.499999999999995837e-01 -2.715047445384236937e-34 -2.500000000000013323e-01
-1.082140190760366716e-01 3.353724433095948143e-01 -2.854908656967791725e-02 -2.487298920670727442e-02 4.124943138175881097e-01 -1.815670655053999716e-01 4.198604051285691197e-02 2.058666352331101623e-01 -4.603560686782101619e-02 1.224469947473523501e-02 1.926081816464816909e-02 1.108390792931566449e-01 1.179794634578914259e-01 3.923136683795490076e-01 -2.633716357632625016e-01 2.146259627077449494e-01 9.375675904386659987e-02 2.547445636885325437e-01 2.353723112222146086e-01 2.724444136202077704e-01 -2.498980059057995251e-02 -2.262000464916495979e-01 1.505558963785632032e-01 -2.262000464916484876e-01
3.364885421933581089e-01 1.085123692431123887e-01 -7.257367535547509796e-04 1.011825093952455068e-01 8.223950196625705311e-02 1.597978789189818394e-01 -3.568724709919187665e-01 -2.127432386235930672e-03 -2.830210513042827891e-01 1.624644510703346645e-01 -6.896247698923038683e-02 3.144687863361771835e-02 -7.932763319703350913e-02 2.654589839196273560e-01 3.756317707514150728e-01 7.455605790332772709e-02 -4.039440331561890141e-02 -3.082848512371213490e-01 2.176445548951657372e-01 2.643207892134546988e-02 -3.157567573889404899e-01 1.064590952769009502e-01 3.198951735579120825e-01 1.064590952769008947e-01
-8.073849639436914138e-03 2.739324715688642303e-02 3.523981029492093131e-01 -3.500502970401584424e-01 6.628383031999350583e-02 3.239600333743173355e-01 9.749302419684152676e-02 8.033129331198718415e-02 -4.650950122389799213e-02 -1.000669759250449875e-05 1.454449479671587192e-02 2.081047913708031910e-03 -4.783648989124421047e-01 5.182644696029031772e-02 -1.351486947569844888e-01 3.676377901424787709e-02 2.057714859577157995e-01 1.951608328918088553e-01 -1.626108627911817539e-01 -1.724729302871332859e-01 -3.347081789332287949e-01 2.499999999999982792e-01 1.026956297778269800e-15 -2.500000000000008327e-01
-1.082140190760360748e-01 3.353724433095949253e-01 -2.854908656967963115e-02 3.233023738572777250e-01 9.485009196310945773e-03 2.548596495590033650e-01 1.515554889908666270e-01 2.294457375581734349e-01 6.941005660984721215e-02 -1.224469947473500256e-02 -1.926081816464788460e-02 -1.108390792931565477e-01 -1.179794634578914675e-01 -3.923136683795492852e-01 2.633716357632626681e-01 -2.990334403626220272e-01 2.474268642696039744e-01 2.807440386588240522e-02 2.855430968865034780e-01 -1.172554869645718728e-01 5.733294713641448603e-02 -2.262000464916479325e-01 1.505558963785652571e-01 -2.262000464916474607e-01
3.364885421933572207e-01 1.085123692431128051e-01 -7.257367535550397026e-04 -1.011825093952450072e-01 -8.223950196625694209e-02 -1.597978789189827831e-01 3.568724709919188220e-01 2.127432386236129298e-03 2.830210513042825671e-01 1.624644510703343592e-01 -6.896247698923009539e-02 3.144687863361709385e-02 -7.932763319703364790e-02 2.654589839196271894e-01 3.756317707514147952e-01 -7.455605790332647809e-02 4.039440331561878345e-02 3.082848512371214045e-01 -2.176445548951649600e-01 -2.643207892134355821e-02 3.157567573889403789e-01 1.064590952769029208e-01 3.198951735579136924e-01 1.064590952769013804e-01
-8.073849639437358228e-03 2.739324715688534057e-02 3.523981029492091466e-01 3.500502970401593306e-01 -6.628383031999408870e-02 -3.239600333743165583e-01 -9.749302419684119370e-02 -8.033129331198748946e-02 4.650950122389832520e-02 -1.000669759200489839e-05 1.454449479671593437e-02 2.081047913707990277e-03 -4.783648989124420492e-01 5.182644696028997078e-02 -1.351486947569848218e-01 -3.676377901424662809e-02 -2.057714859577154387e-01 -1.951608328918091884e-01 1.626108627911809212e-01 1.724729302871324532e-01 3.347081789332281287e-01 2.500000000000000000e-01 -1.415534356397074589e-15 -2.500000000000012212e-01
-1.082140190760361581e-01 3.353724433095968127e-01 -2.854908656967936748e-02 2.487298920670832567e-02 -4.124943138175877766e-01 1.815670655054000826e-01 -4.198604051285716177e-02 -2.058666352331083305e-01 4.603560686782172395e-02 1.224469947473507542e-02 1.926081816464820379e-02 1.108390792931566726e-01 1.179794634578914952e-01 3.923136683795490631e-01 -2.633716357632628347e-01 -2.146259627077457266e-01 -9.375675904386798765e-02 -2.547445636885327103e-01 -2.353723112222146918e-01 -2.724444136202083255e-01 2.498980059058104539e-02 -2.262000464916469056e-01 1.505558963785645910e-01 -2.262000464916449349e-01
3.364885421933572207e-01 1.085123692431120140e-01 -7.257367535549164288e-04 2.220116300519281091e-02 -1.241282583242885457e-01 -9.175555690714679025e-02 2.539778210954907745e-01 2.913572574488292391e-02 -4.004080137811451001e-01 -1.624644510703345535e-01 6.896247698923040070e-02 -3.144687863361773916e-02 7.932763319703357852e-02 -2.654589839196268009e-01 -3.756317707514149062e-01 1.242719419112455759e-01 -2.547202141065055825e-01 1.557375411692263345e-01 1.981251371158407604e-01 -3.252648676013072393e-01 1.921226683244766850e-02 1.064590952769030735e-01 3.198951735579129707e-01 1.064590952769022686e-01
-8.073849639436983527e-03 2.739324715688489648e-02 3.523981029492099792e-01 -1.076610754263889191e-01 -2.306377447612039111e-01 -1.147841983732283411e-01 -1.545979373454099692e-01 3.842747049257453362e-01 2.173339034966130512e-02 1.000669759233102640e-05 -1.454449479671584070e-02 -2.081047913708082217e-03 4.783648989124419382e-01 -5.182644696028994996e-02 1.351486947569847941e-01 3.035803038946770505e-01 2.667088623281311799e-01 -1.641205446979738525e-01 -4.926614671774132148e-16 -1.605689624124530535e-01 1.843568196749958421e-01 2.499999999999984734e-01 -1.665334536937734811e-16 -2.500000000000003886e-01
-1.082140190760369075e-01 3.353724433095968682e-01 -2.854908656967846542e-02 -3.233023738572771144e-01 -9.485009196310146065e-03 -2.548596495590044753e-01 -1.515554889908667380e-01 -2.294457375581714087e-01 -6.941005660984829462e-02 -1.224469947473545359e-02 -1.926081816464817603e-02 -1.108390792931569918e-01 -1.179794634578914536e-01 -3.923136683795486745e-01 2.633716357632627791e-01 2.990334403626204174e-01 -2.474268642696052511e-01 -2.807440386588429954e-02 -2.855430968865040331e-01 1.172554869645694581e-01 -5.733294713641214763e-02 -2.262000464916495146e-01 1.505558963785630922e-01 -2.262000464916470999e-01
3.364885421933581644e-01 1.085123692431127773e-01 -7.257367535548627608e-04 -2.220116300519272071e-02 1.241282583242887677e-01 9.175555690714501389e-02 -2.539778210954894977e-01 -2.913572574488235145e-02 4.004080137811443230e-01 -1.624644510703342759e-01 6.896247698923003988e-02 -3.144687863361775998e-02 7.932763319703368954e-02 -2.654589839196278001e-01 -3.756317707514149618e-01 -1.242719419112428558e-01 2.547202141065045833e-01 -1.557375411692268341e-01 -1.981251371158394836e-01 3.252648676013089601e-01 -1.921226683244865729e-02 1.064590952769021992e-01 3.198951735579129152e-01 1.064590952769008808e-01
-8.073849639437184755e-03 2.739324715688480627e-02 3.523981029492094796e-01 2.109065285255042055e-01 1.900452833279331899e-01 7.066745303272077561e-02 4.532343980364755137e-02 2.311603330749642804e-01 -3.300273076717007426e-01 8.773135511739241221e-02 -4.811608854256739232e-01 2.748323282220639652e-03 6.937539414143011063e-03 -4.471253435820110589e-02 -9.344794381326886057e-02 -5.721026107984849424e-02 -2.303450294567398193e-02 -6.513582874326005745e-02 -4.683425500598616398e-01 7.182193101216324815e-02 1.321006720053301553e-01 -2.499999999999987232e-01 7.008282842946300661e-16 2.500000000000016653e-01
-1.082140190760359083e-01 3.353724433095965907e-01 -2.854908656967886094e-02 -8.170393761185854031e-02 2.516446676858716813e-01 3.451488337868365286e-01 -1.793796652725787588e-01 -1.676032848724371971e-01 2.457203545165119810e-02 3.889214615721477974e-01 9.921250561076153107e-02 2.538056565433046696e-01 9.100782454338776639e-03 -1.391220452292158960e-01 -7.100631278696421800e-02 1.582662044441736637e-01 -7.669421721023503280e-02 5.237050740828307072e-02 7.154572250592784732e-02 -1.698964893239854890e-01 4.270170114148054696e-01 2.262000464916495146e-01 -1.505558963785646742e-01 2.262000464916475162e-01
3.364885421933567766e-01 1.085123692431125136e-01 -7.257367535545844461e-04 5.476800470128154186e-02 2.836816095312436059e-01 -3.228012750327469704e-01 -2.623226766472008115e-02 -2.440925502813976466e-01 -4.533477630171649925e-02 2.539658942277581155e-01 5.746943873975798173e-02 -4.150862524716849022e-01 2.870614233278767635e-02 3.976655198680537073e-02 -8.658273456351227304e-02 -8.665766008072281479e-02 3.130752267557924684e-01 -9.781493581440658946e-02 -5.622003856344686551e-02 -3.613708966421833035e-01 -3.401430576561900732e-02 -1.064590952769019216e-01 -3.198951735579114719e-01 -1.064590952769003118e-01
-8.073849639437157000e-03 2.739324715688515322e-02 3.523981029492093131e-01 8.752285612506623125e-02 2.319340396859650433e-01 2.625131020883991750e-03 1.482180897000763553e-01 2.041520397163176515e-01 3.534017574137272577e-01 -8.773135511739292569e-02 4.811608854256738677e-01 -2.748323282220979658e-03 -6.937539414143156780e-03 4.471253435820135569e-02 9.344794381326912425e-02 1.416177387347226646e-01 -3.181491203677979662e-01 -2.176831388111554189e-01 -5.257285804885611369e-02 -2.270108576678002699e-01 -1.644438185511619965e-01 -2.499999999999994171e-01 -4.579669976578770729e-16 2.500000000000018319e-01
-1.082140190760369075e-01 3.353724433095963131e-01 -2.854908656967902747e-02 -1.606852840019104556e-01 4.527690739532615888e-02 9.359539796070837081e-02 4.314706268148298385e-01 -1.363401267413185680e-01 -9.281492702521075555e-02 -3.889214615721476309e-01 -9.921250561076146168e-02 -2.538056565433047806e-01 -9.100782454338866845e-03 1.391220452292161458e-01 7.100631278696463433e-02 1.085503204362563145e-01 1.376315935806513013e-01 -4.116518849980646544e-01 9.106514028525351800e-02 1.818004571986672480e-01 9.204798719341755753e-02 2.262000464916482378e-01 -1.505558963785648685e-01 2.262000464916465725e-01
3.364885421933577758e-01 1.085123692431123749e-01 -7.257367535551950688e-04 -5.476800470128125042e-02 -2.836816095312431618e-01 3.228012750327457492e-01 2.623226766472074728e-02 2.440925502813981463e-01 4.533477630171575679e-02 2.539658942277583931e-01 5.746943873975841888e-02 -4.150862524716854018e-01 2.870614233278752717e-02 3.976655198680451031e-02 -8.658273456351149588e-02 8.665766008072037230e-02 -3.130752267557915247e-01 9.781493581440718621e-02 5.622003856344580386e-02 3.613708966421808055e-01 3.401430576561928487e-02 -1.064590952769027682e-01 -3.198951735579142475e-01 -1.064590952769022547e-01
-8.073849639437122305e-03 2.739324715688667977e-02 3.523981029492092021e-01 -8.752285612506524592e-02 -2.319340396859653486e-01 -2.625131020883533783e-03 -1.482180897000759945e-01 -2.041520397163178180e-01 -3.534017574137267026e-01 -8.773135511739293957e-02 4.811608854256741452e-01 -2.748323282220535568e-03 -6.937539414143007593e-03 4.471253435820099487e-02 9.344794381326843036e-02 -1.416177387347241912e-01 3.181491203677977442e-01 2.176831388111553356e-01 5.257285804885693248e-02 2.270108576678009915e-01 1.644438185511625794e-01 -2.499999999999991673e-01 5.620504062164854986e-16 2.500000000000001110e-01
-1.082140190760367410e-01 3.353724433095950364e-01 -2.854908656967872216e-02 8.170393761185901216e-02 -2.516446676858711262e-01 -3.451488337868374723e-01 1.793796652725788698e-01 1.676032848724395841e-01 -2.457203545165160402e-02 3.889214615721474089e-01 9.921250561076110086e-02 2.538056565433048917e-01 9.100782454338641331e-03 -1.391220452292157295e-01 -7.100631278696364901e-02 -1.582662044441723315e-01 7.669421721023597649e-02 -5.237050740828221029e-02 -7.154572250592815263e-02 1.698964893239867102e-01 -4.270170114148074125e-01 2.262000464916475995e-01 -1.505558963785637305e-01 2.262000464916463505e-01
3.364885421933574983e-01 1.085123692431129300e-01 -7.257367535557224247e-04 4.029433677652668466e-01 -1.193276950900338251e-01 1.136254400316573654e-01 8.333718081328952976e-02 -2.205134479563345684e-01 7.011088717595317932e-02 -2.539658942277583931e-01 -5.746943873975847439e-02 4.150862524716847357e-01 -2.870614233278754451e-02 -3.976655198680538461e-02 8.658273456351216202e-02 4.270017429896441619e-01 1.594051215300546498e-01 1.288552240082426747e-01 -1.063908242277361027e-01 2.832900394259540988e-02 -1.163370534926124605e-01 -1.064590952769039894e-01 -3.198951735579133038e-01 -1.064590952769018106e-01
-8.073849639437330472e-03 2.739324715688709611e-02 3.523981029492091466e-01 -2.109065285255035116e-01 -1.900452833279338283e-01 -7.066745303271984580e-02 -4.532343980364709340e-02 -2.311603330749643082e-01 3.300273076717007426e-01 8.773135511739334202e-02 -4.811608854256739787e-01 2.748323282220681285e-03 6.937539414142594729e-03 -4.471253435820174427e-02 -9.344794381326861077e-02 5.721026107984742565e-02 2.303450294567360029e-02 6.513582874326093175e-02 4.683425500598621949e-01 -7.182193101216248488e-02 -1.321006720053294059e-01 -2.499999999999994449e-01 -4.163336342344337027e-17 2.500000000000006661e-01
-1.082140190760362969e-01 3.353724433095950364e-01 -2.854908656967859726e-02 1.606852840019118156e-01 -4.527690739532583969e-02 -9.359539796070867612e-02 -4.314706268148304491e-01 1.363401267413206219e-01 9.281492702521079718e-02 -3.889214615721477419e-01 -9.921250561076105923e-02 -2.538056565433050027e-01 -9.100782454338596228e-03 1.391220452292155074e-01 7.100631278696444004e-02 -1.085503204362556068e-01 -1.376315935806496360e-01 4.116518849980657646e-01 -9.106514028525257431e-02 -1.818004571986655271e-01 -9.204798719341883428e-02 2.262000464916488207e-01 -1.505558963785628146e-01 2.262000464916471276e-01
3.364885421933574983e-01 1.085123692431122500e-01 -7.257367535540293346e-04 -4.029433677652665691e-01 1.193276950900339917e-01 -1.136254400316583368e-01 -8.333718081328887750e-02 2.205134479563348737e-01 -7.011088717595295727e-02 -2.539658942277584486e-01 -5.746943873975867562e-02 4.150862524716850688e-01 -2.870614233278744737e-02 -3.976655198680462133e-02 8.658273456351152364e-02 -4.270017429896459937e-01 -1.594051215300544277e-01 -1.288552240082418421e-01 1.063908242277351590e-01 -2.832900394259785237e-02 1.163370534926132377e-01 -1.064590952769005755e-01 -3.198951735579124156e-01 -1.064590952769007420e-01
